0 1 <eps> <eps>
1 2 1 1 3.091042453358316
2 1 <eps> <eps>
1 3 2 2 3.091042453358316
3 1 <eps> <eps>
1 4 3 3 3.091042453358316
4 1 <eps> <eps>
1 5 4 4 3.091042453358316
5 1 <eps> <eps>
1 6 5 5 3.091042453358316
6 1 <eps> <eps>
1 7 6 6 3.091042453358316
7 1 <eps> <eps>
1 8 7 7 3.091042453358316
8 1 <eps> <eps>
1 9 8 8 3.091042453358316
9 1 <eps> <eps>
1 10 9 9 3.091042453358316
10 1 <eps> <eps>
1 11 10 10 3.091042453358316
11 1 <eps> <eps>
1 12 11 11 3.091042453358316
12 1 <eps> <eps>
1 13 12 12 3.091042453358316
13 1 <eps> <eps>
1 14 13 13 3.091042453358316
14 1 <eps> <eps>
1 15 14 14 3.091042453358316
15 1 <eps> <eps>
1 16 15 15 3.091042453358316
16 1 <eps> <eps>
1 17 16 16 3.091042453358316
17 1 <eps> <eps>
1 18 17 17 3.091042453358316
18 1 <eps> <eps>
1 19 18 18 3.091042453358316
19 1 <eps> <eps>
1 20 19 19 3.091042453358316
20 1 <eps> <eps>
1 21 20 20 3.091042453358316
21 1 <eps> <eps>
1 22 sil sil 3.091042453358316
22 1 <eps> <eps>
1 23 <eps> <eps> 3.091042453358316
23